%YAML:1.0

# Camera calibration parameters camera_0
Camera.Iw: 808
Camera.Ih: 616

# hyperparameters
Camera.nrpol: 1
Camera.nrinvpol: 9

# forward polynomial f(\rho)
Camera.a0: -316.52

# backward polynomial rho(\theta)
Camera.pol0: 3.041158658394737e+03
Camera.pol1: 1.288145695406353e+04
Camera.pol2: 3.080439147037702e+04
Camera.pol3: 4.699542534315844e+04
Camera.pol4: 4.703892306270632e+04
Camera.pol5: 3.091660695342348e+04
Camera.pol6: 1.286961239119753e+04
Camera.pol7: 3.080527891751334e+03
Camera.pol8: 3.231650197120220e+02

# affine matrix
Camera.c: 1.0
Camera.d: 1.0e-08
Camera.e: 1.0e-08

# principal point
Camera.u0: 403.5
Camera.v0: 307.5

# create a mirror mask for fisheye cameras
Camera.mirrorMask: 0

# Pinhole model
Camera.pinhole_fx: 316.52
Camera.pinhole_fy: 316.52
Camera.pinhole_px: 403.5
Camera.pinhole_py: 307.5
    

